input:
io_addr reset1 
output:
io_value 
valmap:
io_addr: 130 99 196 103 99 33 238 143 198 215 92 255 161 198 237 224 94 31 101 174 245 104 85 175 133 203 251 90 36 41 172 53 69 133 159 196 131 203 47 234 206 16 21 51 178 16 176 250 83 4 191 242 165 84 113 90 7 56 203 145 148 41 122 211 31 72 247 117 14 220 63 114 195 126 248 15 209 29 57 49 213 217 152 149 155 132 190 97 122 91 193 1 184 71 187 92 68 144 51 162
reset1: 1 0 1 1 1 0 1 1 0 1 1 0 1 0 0 0 0 1 1 1 1 1 1 0 0 1 0 0 0 0 1 0 1 0 0 0 1 1 0 1 0 0 0 0 1 1 1 0 0 0 0 0 0 0 1 0 0 1 1 0 1 1 0 1 1 1 1 1 0 1 0 0 1 0 0 1 1 0 1 1 1 0 0 1 0 1 0 1 1 1 0 1 0 0 0 1 1 0 1 0
answer:
1: 1 0 1 1 1 0 1 1 0 1 1 0 1 0 0 0 0 1 1 1 1 1 1 0 0 1 0 0 0 0 1 0 1 0 0 0 1 1 0 1 0 0 0 0 1 1 1 0 0 0 0 0 0 0 1 0 0 1 1 0 1 1 0 1 1 1 1 1 0 1 0 0 1 0 0 1 1 0 1 1 1 0 0 1 0 1 0 1 1 1 0 1 0 0 0 1 1 0 1 0
2: 130 99 196 103 99 33 238 143 198 215 92 255 161 198 237 224 94 31 101 174 245 104 85 175 133 203 251 90 36 41 172 53 69 133 159 196 131 203 47 234 206 16 21 51 178 16 176 250 83 4 191 242 165 84 113 90 7 56 203 145 148 41 122 211 31 72 247 117 14 220 63 114 195 126 248 15 209 29 57 49 213 217 152 149 155 132 190 97 122 91 193 1 184 71 187 92 68 144 51 162
3: 2 3 4 7 3 1 0 0 6 7 0 0 1 6 0 0 0 0 5 0 5 8 5 0 5 0 0 10 4 9 0 5 5 5 0 4 3 0 0 10 0 0 5 3 2 0 0 10 3 4 0 2 5 4 1 10 7 8 0 1 4 9 10 3 0 8 7 5 0 0 0 2 3 0 8 0 1 0 9 1 5 9 8 5 0 4 0 1 10 0 1 1 8 7 0 0 4 0 3 2
label:
Circuit VF:39
Module VF:38
_GEN_0:27
_GEN_1:28
_GEN_10:37
_GEN_2:29
_GEN_3:30
_GEN_4:31
_GEN_5:32
_GEN_6:33
_GEN_7:34
_GEN_8:35
_GEN_9:36
_T_33_0:15
_T_33_1:16
_T_33_10:25
_T_33_2:17
_T_33_3:18
_T_33_4:19
_T_33_5:20
_T_33_6:21
_T_33_7:22
_T_33_8:23
_T_33_9:24
_T_48:26
clock:0
io_addr:2
io_value:3
reset1:1
vec_0:4
vec_1:5
vec_10:14
vec_2:6
vec_3:7
vec_4:8
vec_5:9
vec_6:10
vec_7:11
vec_8:12
vec_9:13
