io_in1: 
829567106 993269347 889283268 720592487 812659811 713104929 340322542 574218383 537208518 457923031 990247260 155354367 910641313 310426566 632414445 1059346400 79561054 986961951 246838117 547592366 253369845 638240360 329658965 317343407 624702853 364263883 88596731 928373082 696889892 824563753 602255532 25391157 126325061 630895493 594024095 328312004 361389443 1067823051 749468207 2527210 767670990 831587088 232790037 1056258355 490459570 574811920 529107376 396223738 463824211 257467140 844671423 902925298 8608677 460599636 80610673 804175962 866944263 258387768 126568395 484347793 351715476 346241321 898492026 534681299 763993887 158660168 996306167 928124789 893708814 57602524 530239039 757079154 523137731 1063112830 776662776 424186383 629631697 942801181 236732729 894268721 571061461 903950809 801804696 212542101 472848283 256014212 200640958 665385569 940643450 435363931 405747649 507006465 174114232 691865671 546030011 10591836 308449348 243419024 279595571 66273186 
io_in2: 
1020108514 -653586493 338771299 933494370 236572 -98695905 -538829788 541256566 -1060554623 -967574633 -256182561 226304471 991360546 -514664874 -483417528 384027154 -578098865 -361404286 23684769 613964162 124999081 1001897781 650329590 -810501363 465023326 565526397 -380853348 -742945834 -1063518724 469797467 491303945 -988084389 704528317 -222968330 1044521658 -954345019 946550165 929236965 -996131318 -34268921 746869368 -44463351 -698633168 -991642384 -976927359 763661805 -77108180 267491446 -929852288 -284101271 -260383377 230494162 -107290671 359421285 700349737 -196223014 142687140 735962992 -808498156 -658392294 -513666613 115132095 -98100301 -565297347 6123927 566618411 274455462 -681013979 326105067 395313404 837406327 67564655 551702454 583061130 -157380188 911393886 882359236 231413264 634982515 1054256000 844370963 1001747173 407118687 269997124 -1000209605 -283791396 -575223720 -463926866 599609540 15076718 483666380 304507802 1061873610 744807207 -530108890 139310441 -713567136 -621731022 -757556546 -211421570 
io_in3: 
952670566 205999096 1013794880 387236224 533317987 211231553 753730760 967101206 85000187 528429947 216710580 706489798 666619395 53715045 170902041 303249613 37853549 489280857 151230915 634945416 772529697 970335524 344029323 231096776 625546569 37125678 588220468 49135310 35009346 419625899 66860662 787224177 232886063 988088953 1007098366 579787587 630804862 798681974 246627487 747844691 100958969 116124369 612717911 1072620370 297010890 306916575 72469400 1017085837 217560096 402783938 3761444 528749989 609785659 839435742 941339251 165446385 1046854870 25705927 453879695 1027272254 654168528 1028790604 720473698 410897316 427470990 100586209 93771885 667740834 830445955 937727265 230780211 94509538 271720753 822188825 631183990 243779707 360549859 578335420 363499359 460100181 64012633 562514557 668997420 81478918 839199170 111811881 66750478 895730577 560617979 906512134 486015704 1036805826 1041977836 382642037 517064495 6449431 918145467 864270887 441436369 53231182 
io_in4: 
-233761650 618042096 891551155 -656462629 1016662246 76758414 -1040617282 372344046 -243289000 161265327 -568803254 1058516506 -547296365 150140073 731574760 140345065 901602855 600333693 -970074802 -946610341 -201909233 866600197 848004318 86083192 -811645945 735744868 -796571898 -83574519 1060588825 881147617 -597392569 335677432 877327543 -1020561347 -1054626974 -213534876 150154796 215213306 -322794974 986708562 -351926362 -186858252 376302670 914189831 -808206839 -477242889 419107811 281344139 -360554961 759453440 -612424900 1013711004 45569468 552290002 200433130 -217188190 -271784539 1063987652 -911103655 240439098 -279235531 -380238904 -972182893 450383950 791941843 -351106858 -281347553 -272471978 -945847836 273840183 46513582 -139380510 755049530 -523885346 537303327 434913974 -310888891 -667242459 -396696795 49513799 -719748329 -258645702 153185522 -541388707 -165554867 -243124775 436371535 -630857448 680583548 442777055 -212535576 -852396998 -1051094290 605405227 -633823957 -203510266 -174440795 439909628 -577885304 -185319794 
io_out1: 

io_out10: 

io_out11: 

io_out12: 

io_out13: 

io_out14: 

io_out2: 

io_out3: 

io_out4: 

io_out5: 

io_out6: 

io_out7: 

io_out8: 

io_out9: 

reset1: 
1 0 1 1 1 0 1 1 0 1 1 0 1 0 0 0 0 1 1 1 1 1 1 0 0 1 0 0 0 0 1 0 1 0 0 0 1 1 0 1 0 0 0 0 1 1 1 0 0 0 0 0 0 0 1 0 0 1 1 0 1 1 0 1 1 1 1 1 0 1 0 0 1 0 0 1 1 0 1 1 1 0 0 1 0 1 0 1 1 1 0 1 0 0 0 1 1 0 1 0 
